266, 252, 432, 459, 432, 545, 475, 432
264, 255, 433, 457, 434, 541, 478, 434
266, 253, 431, 459, 433, 542, 474, 434
265, 254, 433, 458, 439, 542, 478, 433
265, 255, 431, 457, 434, 540, 478, 434
265, 253, 433, 459, 433, 541, 478, 435
265, 254, 432, 459, 439, 541, 478, 436
266, 252, 432, 459, 438, 544, 473, 435
268, 259, 431, 459, 436, 541, 477, 437
267, 275, 433, 458, 437, 542, 480, 434
269, 267, 430, 457, 438, 543, 476, 434
264, 262, 431, 457, 436, 542, 478, 435
235, 250, 429, 455, 435, 542, 477, 436
212, 227, 432, 458, 435, 539, 474, 433
211, 208, 429, 457, 435, 540, 475, 432
204, 199, 430, 455, 438, 541, 476, 429
202, 196, 430, 459, 441, 542, 478, 426
202, 200, 433, 456, 440, 542, 476, 434
201, 257, 448, 469, 448, 533, 463, 416
204, 373, 480, 513, 475, 499, 408, 370
197, 256, 518, 583, 511, 466, 335, 305
160, 183, 541, 660, 516, 469, 255, 234
158, 238, 555, 729, 502, 476, 186, 169
169, 416, 551, 779, 475, 474, 126, 123
173, 450, 522, 806, 451, 434, 83, 103
170, 542, 518, 826, 436, 363, 61, 85
175, 670, 512, 840, 447, 298, 42, 69
182, 767, 502, 852, 453, 258, 36, 70
178, 8190, 516, 855, 455, 268, 40, 80
188, 8190, 561, 838, 455, 367, 66, 115
184, 8190, 567, 809, 456, 457, 118, 175
178, 178, 551, 752, 486, 479, 196, 251
157, 213, 524, 683, 524, 464, 275, 322
163, 354, 490, 603, 538, 463, 348, 381
179, 303, 448, 533, 532, 485, 421, 427
212, 172, 399, 462, 510, 519, 500, 465
193, 178, 342, 386, 465, 542, 569, 498
225, 298, 269, 304, 450, 533, 652, 514
296, 376, 192, 215, 460, 495, 728, 519
222, 8190, 133, 139, 465, 470, 785, 520
182, 304, 106, 90, 439, 457, 833, 482
189, 8190, 90, 66, 389, 455, 847, 462
197, 234, 72, 51, 292, 454, 832, 452
204, 244, 77, 41, 285, 459, 846, 462
199, 268, 99, 51, 295, 457, 811, 500
180, 304, 149, 86, 356, 476, 783, 539
156, 321, 226, 147, 394, 513, 716, 521
216, 8190, 305, 231, 389, 543, 654, 499
280, 160, 378, 320, 378, 556, 566, 468
192, 243, 439, 418, 389, 531, 476, 418
180, 363, 481, 511, 442, 479, 385, 360
179, 213, 510, 604, 468, 464, 303, 298
176, 171, 534, 668, 444, 486, 233, 237
177, 221, 562, 723, 421, 490, 180, 179
177, 440, 552, 767, 413, 479, 135, 134
179, 514, 527, 792, 402, 465, 100, 103
193, 8190, 518, 812, 395, 448, 69, 85
184, 523, 502, 828, 385, 378, 49, 67
178, 8190, 491, 846, 378, 322, 39, 70
171, 467, 491, 839, 387, 331, 43, 73
186, 483, 508, 832, 399, 378, 59, 99
189, 8190, 537, 796, 402, 451, 105, 153
182, 166, 531, 748, 422, 480, 176, 224
171, 179, 516, 692, 463, 475, 258, 306
167, 351, 484, 621, 484, 464, 353, 382
180, 8190, 433, 534, 477, 505, 457, 443
192, 157, 372, 436, 423, 543, 548, 485
188, 211, 310, 350, 397, 552, 629, 501
264, 343, 249, 274, 399, 527, 694, 521
306, 368, 194, 208, 410, 498, 738, 530
225, 8190, 148, 151, 409, 474, 784, 521
175, 288, 114, 105, 383, 458, 802, 498
176, 276, 93, 75, 357, 456, 831, 480
183, 255, 80, 55, 300, 454, 832, 458
186, 254, 78, 44, 263, 457, 837, 473
186, 272, 86, 44, 265, 457, 832, 470
177, 8190, 105, 53, 286, 456, 806, 505
165, 8190, 144, 82, 346, 465, 778, 525
161, 324, 197, 127, 381, 493, 728, 529
218, 8190, 256, 183, 387, 526, 679, 521
284, 171, 313, 250, 384, 548, 626, 500
236, 161, 373, 319, 373, 552, 560, 470
169, 286, 425, 394, 384, 541, 487, 431
181, 366, 466, 473, 433, 506, 410, 384
184, 201, 506, 547, 466, 472, 337, 326
174, 158, 532, 613, 468, 464, 268, 267
168, 212, 545, 679, 454, 471, 205, 206
169, 443, 547, 729, 433, 485, 149, 146
182, 543, 531, 782, 414, 475, 98, 102
190, 608, 509, 806, 391, 437, 59, 77
186, 697, 504, 836, 375, 355, 46, 72
185, 8190, 516, 838, 381, 353, 48, 76
190, 8190, 533, 836, 393, 364, 64, 100
192, 8190, 542, 813, 393, 416, 101, 144
180, 176, 545, 783, 402, 460, 155, 203
190, 166, 531, 747, 421, 487, 225, 273
182, 348, 504, 686, 447, 479, 301, 341
180, 329, 471, 618, 469, 464, 385, 404
191, 190, 425, 540, 481, 474, 472, 453
151, 189, 371, 454, 454, 522, 554, 482
188, 259, 314, 371, 406, 560, 626, 511
279, 347, 253, 300, 390, 560, 675, 524
278, 8190, 189, 230, 402, 536, 736, 525
207, 8190, 129, 162, 406, 489, 787, 525
187, 253, 92, 99, 390, 467, 822, 484
194, 249, 82, 66, 367, 459, 836, 474
197, 256, 82, 54, 349, 458, 834, 473
198, 278, 94, 53, 346, 454, 818, 498
191, 305, 130, 65, 360, 457, 789, 531
189, 8190, 191, 105, 400, 481, 731, 529
244, 224, 264, 172, 414, 522, 672, 514
278, 184, 332, 253, 407, 550, 599, 489
199, 241, 395, 337, 405, 552, 524, 451
169, 407, 445, 423, 442, 522, 439, 410
191, 273, 481, 502, 487, 479, 365, 356
173, 160, 513, 580, 498, 464, 295, 300
171, 170, 537, 643, 487, 468, 231, 243
167, 359, 547, 693, 474, 477, 177, 181
175, 424, 552, 754, 456, 481, 124, 124
187, 496, 524, 785, 431, 464, 77, 90
190, 495, 513, 818, 413, 418, 56, 78
187, 495, 539, 834, 404, 366, 52, 77
187, 472, 545, 851, 417, 368, 61, 91
189, 8190, 578, 832, 423, 387, 91, 130
181, 189, 566, 819, 434, 445, 145, 185
181, 154, 541, 768, 458, 483, 215, 253
183, 304, 513, 714, 496, 475, 299, 330
179, 374, 472, 628, 516, 461, 399, 403
194, 201, 421, 545, 516, 489, 497, 461
164, 218, 351, 449, 464, 540, 589, 500
239, 310, 278, 353, 434, 560, 666, 520
287, 324, 216, 263, 438, 547, 721, 536
245, 8190, 167, 195, 447, 512, 759, 530
206, 295, 132, 141, 443, 487, 795, 529
191, 283, 111, 106, 425, 469, 806, 508
195, 271, 96, 81, 390, 458, 822, 486
202, 276, 91, 64, 349, 459, 841, 481
203, 317, 95, 58, 346, 462, 8190, 486
199, 367, 117, 63, 353, 459, 811, 515
200, 8190, 166, 83, 371, 465, 746, 527
207, 205, 237, 134, 411, 489, 691, 518
212, 182, 319, 212, 408, 536, 604, 490
173, 343, 394, 308, 400, 560, 509, 450
183, 8190, 453, 406, 428, 540, 411, 390
197, 137, 499, 505, 489, 490, 328, 327
178, 182, 520, 590, 503, 468, 256, 260
170, 439, 542, 658, 501, 468, 198, 198
196, 525, 540, 721, 488, 472, 141, 144
200, 563, 539, 767, 446, 472, 86, 104
195, 601, 516, 798, 411, 422, 58, 82
193, 733, 514, 830, 406, 373, 56, 81
198, 729, 506, 835, 412, 372, 56, 80
196, 742, 514, 832, 417, 375, 56, 78
197, 751, 518, 840, 416, 376, 56, 78
199, 746, 516, 838, 415, 375, 56, 81
