404, 404, 553, 635, 439, 437, 158, 136
405, 404, 552, 638, 439, 438, 160, 137
404, 403, 553, 639, 436, 438, 159, 136
406, 406, 556, 637, 438, 439, 161, 136
404, 409, 553, 637, 439, 437, 159, 137
403, 405, 556, 637, 438, 435, 160, 136
403, 406, 551, 637, 438, 437, 163, 138
403, 403, 555, 637, 438, 438, 161, 138
403, 405, 551, 641, 439, 439, 159, 138
403, 407, 553, 638, 439, 438, 163, 138
402, 404, 554, 638, 439, 438, 168, 139
403, 407, 554, 639, 440, 440, 168, 135
404, 406, 551, 637, 438, 436, 170, 130
406, 405, 551, 638, 441, 436, 171, 130
401, 397, 552, 637, 439, 439, 173, 128
392, 391, 554, 636, 440, 437, 173, 128
388, 387, 548, 639, 439, 436, 173, 127
388, 389, 556, 638, 440, 438, 174, 128
385, 391, 554, 639, 440, 435, 174, 128
384, 394, 555, 641, 437, 437, 173, 127
388, 391, 555, 641, 439, 437, 174, 127
383, 386, 556, 637, 438, 434, 170, 131
380, 396, 563, 636, 424, 430, 140, 153
379, 408, 569, 634, 403, 415, 131, 260
383, 423, 573, 635, 384, 393, 140, 276
383, 418, 569, 637, 362, 366, 224, 202
373, 405, 552, 634, 334, 333, 8191, 160
358, 391, 537, 628, 303, 298, 8191, 163
344, 385, 522, 623, 272, 266, 8191, 195
328, 383, 518, 615, 248, 237, 8191, 249
312, 380, 509, 612, 227, 218, 8191, 275
301, 368, 503, 608, 209, 204, 8191, 279
295, 365, 506, 620, 193, 194, 8191, 280
283, 344, 507, 617, 191, 198, 8191, 274
314, 301, 505, 620, 198, 213, 8191, 273
323, 301, 510, 622, 220, 245, 8191, 217
335, 418, 520, 616, 252, 280, 8191, 181
353, 491, 525, 613, 279, 309, 8191, 168
366, 476, 530, 617, 301, 332, 8190, 170
370, 475, 543, 620, 321, 353, 206, 192
377, 476, 550, 620, 338, 372, 147, 243
390, 471, 554, 622, 360, 395, 128, 298
402, 464, 561, 632, 379, 419, 132, 225
396, 438, 564, 637, 398, 440, 170, 153
393, 417, 564, 635, 411, 458, 219, 136
386, 402, 555, 639, 419, 473, 256, 130
388, 409, 546, 642, 421, 482, 306, 133
389, 395, 536, 639, 420, 493, 275, 146
376, 372, 524, 639, 416, 503, 140, 186
356, 339, 507, 633, 411, 516, 110, 248
332, 308, 503, 630, 401, 520, 114, 285
305, 276, 498, 630, 390, 528, 132, 301
274, 245, 500, 626, 376, 529, 158, 310
250, 221, 503, 616, 360, 531, 181, 318
233, 214, 503, 612, 356, 523, 186, 325
226, 213, 510, 612, 350, 527, 180, 325
226, 218, 509, 611, 338, 529, 160, 322
231, 228, 508, 615, 340, 534, 125, 310
248, 257, 508, 613, 353, 531, 106, 299
278, 301, 499, 618, 371, 519, 121, 252
314, 350, 509, 625, 394, 502, 282, 176
353, 399, 525, 627, 406, 485, 294, 144
383, 441, 544, 632, 407, 462, 204, 151
404, 472, 556, 623, 396, 430, 166, 219
418, 499, 557, 620, 382, 406, 161, 319
426, 524, 553, 617, 366, 389, 176, 301
425, 539, 552, 615, 353, 366, 223, 245
426, 563, 546, 610, 333, 341, 8190, 206
424, 585, 538, 602, 312, 312, 8191, 190
419, 608, 532, 601, 291, 286, 8191, 195
413, 614, 523, 602, 266, 260, 8191, 213
400, 627, 507, 598, 242, 236, 8191, 247
396, 635, 508, 604, 223, 210, 8191, 277
373, 641, 500, 604, 202, 193, 8191, 274
368, 649, 504, 605, 183, 177, 8190, 263
354, 645, 501, 606, 174, 165, 744, 262
343, 646, 504, 610, 160, 152, 695, 260
331, 659, 504, 609, 146, 136, 704, 8190
315, 655, 504, 614, 135, 123, 675, 8190
313, 665, 506, 608, 128, 117, 674, 8190
304, 663, 504, 608, 125, 113, 8190, 8190
303, 672, 504, 610, 119, 110, 8190, 221
304, 659, 505, 605, 118, 111, 8190, 225
298, 701, 508, 608, 122, 114, 8190, 219
319, 705, 511, 606, 132, 126, 677, 225
328, 695, 505, 610, 153, 149, 686, 236
350, 694, 509, 611, 190, 187, 8191, 8190
385, 668, 525, 607, 230, 227, 8191, 8190
411, 637, 534, 603, 263, 264, 8191, 204
427, 619, 541, 602, 291, 299, 8191, 184
441, 596, 546, 599, 314, 333, 8190, 192
438, 573, 551, 608, 339, 366, 168, 245
438, 539, 558, 613, 363, 398, 154, 318
432, 505, 556, 618, 387, 426, 184, 228
426, 467, 555, 620, 404, 454, 262, 153
408, 433, 548, 624, 413, 474, 346, 145
392, 396, 532, 627, 421, 495, 198, 163
370, 354, 522, 631, 413, 510, 121, 226
342, 318, 505, 628, 400, 519, 121, 274
313, 283, 495, 630, 384, 533, 137, 292
287, 252, 494, 617, 359, 536, 173, 323
258, 215, 498, 611, 344, 540, 222, 356
228, 182, 510, 594, 326, 522, 271, 347
201, 156, 512, 591, 310, 511, 310, 294
175, 133, 524, 599, 291, 489, 351, 8190
151, 109, 523, 601, 275, 470, 381, 254
129, 90, 522, 608, 270, 431, 401, 255
111, 74, 512, 610, 252, 419, 429, 259
99, 67, 515, 621, 240, 404, 457, 260
91, 67, 512, 620, 239, 400, 450, 262
91, 68, 512, 622, 240, 406, 441, 263
92, 73, 513, 617, 239, 410, 446, 258
95, 88, 518, 626, 236, 413, 385, 265
105, 122, 526, 616, 254, 442, 329, 251
134, 167, 515, 623, 286, 492, 266, 254
176, 216, 512, 623, 321, 521, 180, 303
218, 268, 495, 621, 353, 530, 133, 306
266, 319, 499, 621, 374, 524, 132, 290
309, 362, 511, 622, 391, 507, 180, 260
344, 402, 525, 620, 404, 499, 356, 187
375, 442, 542, 621, 403, 475, 292, 159
400, 480, 548, 619, 393, 447, 209, 166
421, 513, 551, 617, 381, 419, 184, 269
437, 543, 550, 612, 363, 389, 194, 323
441, 562, 548, 604, 345, 367, 244, 283
445, 588, 541, 597, 326, 342, 8190, 235
441, 612, 539, 592, 305, 309, 8191, 210
444, 639, 528, 594, 275, 273, 8191, 223
434, 645, 515, 592, 241, 231, 8191, 261
425, 662, 512, 594, 209, 192, 771, 8190
390, 668, 502, 593, 175, 163, 735, 8190
363, 661, 500, 603, 144, 143, 745, 252
346, 674, 497, 600, 127, 128, 697, 229
321, 676, 501, 600, 121, 117, 8190, 8190
318, 683, 499, 598, 117, 116, 8191, 223
312, 687, 505, 596, 114, 107, 8190, 8190
303, 691, 503, 600, 113, 108, 8190, 209
313, 690, 504, 601, 114, 109, 8190, 216
316, 715, 503, 601, 116, 109, 680, 8190
313, 710, 501, 602, 118, 113, 8191, 228
311, 712, 503, 609, 131, 129, 8190, 239
331, 706, 504, 611, 161, 158, 8191, 247
365, 683, 508, 600, 206, 200, 8191, 277
400, 660, 519, 606, 245, 239, 8191, 234
421, 630, 528, 603, 278, 282, 8190, 206
435, 592, 538, 605, 313, 324, 233, 220
439, 568, 545, 603, 346, 361, 184, 276
443, 534, 550, 612, 375, 389, 178, 333
442, 510, 557, 612, 394, 414, 198, 347
431, 479, 552, 617, 412, 432, 256, 243
425, 447, 551, 616, 428, 457, 337, 180
416, 415, 538, 618, 438, 482, 401, 172
394, 379, 524, 616, 441, 497, 272, 182
371, 345, 508, 616, 434, 504, 162, 218
344, 307, 494, 613, 433, 518, 147, 269
313, 265, 496, 608, 419, 527, 163, 298
277, 222, 495, 607, 404, 535, 228, 324
234, 186, 505, 605, 384, 519, 290, 301
197, 157, 510, 600, 365, 497, 321, 274
173, 132, 511, 597, 344, 485, 381, 245
147, 105, 515, 592, 316, 468, 401, 246
123, 83, 516, 598, 301, 431, 412, 8190
105, 78, 514, 602, 295, 421, 430, 250
98, 78, 515, 600, 291, 419, 428, 262
96, 77, 515, 600, 299, 430, 427, 257
97, 78, 512, 598, 306, 424, 428, 8190
97, 81, 516, 599, 303, 424, 426, 252
99, 80, 516, 602, 303, 414, 419, 257
98, 78, 515, 601, 295, 8190, 415, 256
97, 80, 513, 600, 302, 424, 403, 262
98, 80, 512, 598, 299, 427, 408, 258
97, 79, 514, 599, 300, 414, 406, 259
98, 80, 519, 601, 300, 424, 396, 258
98, 80, 520, 598, 300, 438, 400, 261
98, 80, 519, 603, 304, 423, 402, 255
96, 80, 517, 609, 311, 420, 404, 256
98, 79, 515, 601, 301, 426, 418, 258
97, 80, 509, 598, 306, 420, 409, 261
98, 80, 510, 603, 299, 427, 411, 258
97, 79, 511, 597, 311, 8190, 409, 256
97, 79, 508, 598, 304, 421, 423, 257
99, 80, 505, 601, 303, 422, 426, 263
98, 80, 503, 601, 304, 418, 432, 266
98, 80, 502, 593, 312, 420, 440, 275
98, 78, 501, 599, 300, 412, 446, 283
98, 79, 500, 597, 303, 427, 438, 267
97, 79, 503, 599, 307, 426, 428, 271
98, 79, 503, 598, 297, 422, 439, 271
98, 79, 501, 597, 298, 433, 53630, 265
97, 80, 502, 598, 303, 411, 448, 263
