255
255
255
255
255
255
255
255
255
255
255
255
255
255
255
255
255
255
255
255
255
255
255
255
255
255
255
255
193
188
188
191
187
184
192
186
189
189
188
188
191
190
189
190
190
187
186
186
184
185
182
183
183
180
182
183
180
180
178
178
176
175
176
175
173
174
168
170
168
168
165
166
169
167
162
165
161
159
159
157
156
157
152
153
154
151
151
150
147
148
149
146
146
145
142
146
144
145
142
142
141
143
142
140
141
139
142
137
140
137
140
139
137
136
139
136
137
134
135
138
137
137
137
137
139
137
140
135
134
135
136
137
135
134
132
131
132
133
129
132
128
123
122
121
119
117
117
117
115
112
108
109
107
101
101
98
95
96
96
90
91
88
86
84
84
81
81
79
77
75
73
70
68
69
69
67
67
62
60
61
58
57
55
53
50
47
49
48
45
46
44
42
41
41
38
37
37
35
35
32
32
31
30
28
30
30
27
26
28
27
26
29
29
29
28
27
27
27
27
28
28
28
28
29
28
29
30
29
31
31
31
31
31
31
30
30
31
31
32
31
31
33
31
30
33
32
32
34
32
29
32
33
32
32
31
31
31
31
31
30
32
29
30
29
29
27
28
27
26
27
27
25
29
28
28
31
32
30
29
31
30
33
32
33
38
39
40
41
42
47
49
47
50
54
54
60
60
64
68
67
72
71
77
78
84
82
87
93
90
96
98
99
101
102
105
107
113
112
117
116
121
127
123
127
128
136
133
136
139
141
143
149
152
152
152
153
158
157
155
162
162
161
164
164
164
163
165
167
165
166
169
165
165
163
159
160
161
157
157
159
151
155
153
149
147
146
145
142
139
139
135
134
130
129
130
125
123
122
119
116
113
113
109
107
102
102
98
95
97
93
93
90
88
87
87
83
84
80
80
78
78
76
78
74
76
73
72
74
71
69
67
69
67
66
65
65
63
62
62
60
57
58
58
55
56
52
54
53
52
50
49
48
48
49
49
46
47
44
45
45
44
44
43
43
43
43
42
40
41
40
38
41
40
39
40
39
41
40
38
39
39
40
38
37
39
37
38
39
39
39
39
39
38
40
36
36
38
38
35
35
36
34
36
37
35
36
38
36
38
38
35
37
40
35
36
36
37
36
36
36
36
36
35
33
35
36
35
34
37
37
32
33
34
33
35
32
33
32
32
30
30
31
28
28
29
28
27
26
26
27
28
28
27
27
28
27
26
29
28
30
31
33
37
37
39
41
42
43
47
51
50
53
55
56
57
63
63
64
65
69
71
72
74
77
80
84
88
88
90
92
97
99
101
103
107
111
115
117
118
122
122
126
130
133
135
136
139
143
144
145
147
149
152
152
153
157
158
160
163
167
169
169
169
169
171
176
176
176
181
183
182
184
180
184
179
181
180
182
182
180
179
175
177
174
170
165
169
162
162
159
158
161
170
255
255
255
255
255
255
255
255
255
255
255
255
255
255
255
255
255
255
255
255
255
255
255
255
255
255
255
255
255
255
255
255
255
255
255
255
255
255
255
88
72
58
47
43
37
36
40
38
38
35
33
32
33
31
32
31
33
32
30
32
30
36
33
33
34
31
31
33
32
33
32
30
33
31
33
30
31
29
30
30
31
29
30
28
29
30
28
29
29
29
28
28
26
31
26
28
26
27
27
28
26
25
29
26
27
26
25
25
25
27
24
26
26
26
26
26
26
25
25
27
25
28
27
28
29
27
28
28
31
28
29
29
29
29
27
29
29
30
27
28
28
27
24
27
27
30
35
38
43
63
255
255
255
255
255
255
255
255
255
255
255
255
255
255
255
255
255
255
255
255
255
68
60
52
55
49
52
53
52
51
52
51
51
50
51
49
47
47
47
45
45
44
45
45
43
44
44
43
44
46
45
44
47
44
46
48
54
68
255
255
255
255
255
255
255
255
255
255
255
255
255
255
70
56
47
44
45
42
45
43
44
45
45
44
44
42
42
44
42
42
40
42
47
50
63
128
255
255
255
255
255
255
255
255
255
255
255
255
255
255
255
255
255
255
255
255
255
255
255
255
255
255
255
255
255
255
255
255
255
255
255
255
255
209
203
196
195
187
174
168
161
155
147
141
137
129
124
117
110
107
102
95
91
85
82
79
76
73
68
66
62
59
58
54
49
49
46
43
45
43
42
39
40
38
36
37
36
33
30
32
30
31
27
28
29
27
28
28
28
27
27
28
27
26
26
29
25
25
25
29
27
26
26
31
28
30
28
30
30
30
30
30
31
33
32
35
35
