255
255
255
255
255
255
255
255
255
255
255
255
255
255
255
255
255
255
255
255
255
255
255
255
255
255
255
255
255
255
255
255
255
255
255
255
255
255
255
255
255
255
255
255
255
255
255
255
255
255
255
255
255
255
255
255
255
255
255
255
255
255
255
255
255
255
255
255
255
255
255
255
255
255
255
255
255
255
255
255
255
255
255
255
255
255
255
255
255
255
255
255
255
255
255
255
255
255
255
255
255
255
255
255
255
255
255
255
255
255
255
255
255
255
255
255
255
255
255
255
255
255
255
255
210
255
210
208
211
208
210
206
203
205
204
202
199
203
201
202
200
199
199
198
201
193
199
200
196
195
194
195
193
192
193
191
190
189
194
189
189
191
189
187
187
185
185
187
184
184
184
180
181
182
179
178
180
180
177
176
176
177
175
172
173
171
172
171
168
167
165
167
164
165
164
165
162
162
162
161
161
159
158
157
151
155
154
156
154
153
152
152
150
148
149
149
146
146
147
146
144
140
142
142
137
141
138
141
136
138
135
134
134
131
129
132
128
127
128
126
126
126
124
124
122
122
119
116
120
119
116
114
113
114
116
115
110
108
106
107
107
103
104
103
103
102
102
99
101
98
94
95
96
95
94
94
94
94
93
91
90
88
87
88
87
87
84
83
82
81
79
80
80
77
76
77
77
75
74
72
71
72
70
69
67
67
65
65
63
65
63
63
62
60
59
59
57
58
55
57
53
54
55
53
52
49
50
51
48
50
49
48
46
46
43
47
45
44
44
41
42
42
41
40
41
40
37
39
38
37
36
36
35
35
34
34
32
32
33
33
33
32
33
33
30
30
31
30
29
28
29
29
28
27
27
26
26
26
25
26
26
26
24
25
25
25
23
26
24
24
22
22
23
22
22
22
21
20
20
21
19
22
19
19
19
18
18
18
17
17
15
17
18
15
17
14
15
14
12
13
14
11
13
12
11
10
10
10
9
9
10
10
10
9
8
7
8
8
6
6
8
8
9
8
8
9
9
9
8
9
10
10
11
11
9
13
12
9
9
9
9
10
12
9
8
9
9
10
10
11
10
11
8
9
10
10
10
11
10
10
11
10
10
7
11
10
9
11
11
14
12
12
13
14
13
14
15
14
17
17
15
19
20
19
21
22
21
21
20
22
24
23
24
25
25
24
25
28
27
29
31
30
31
34
32
33
34
33
36
35
35
36
37
38
38
38
41
42
45
44
46
46
47
48
50
53
53
55
57
60
61
58
62
62
64
66
69
70
71
72
73
73
74
77
78
80
80
80
84
85
85
89
91
92
92
93
96
96
97
100
102
101
103
106
108
110
111
114
115
114
117
119
121
123
123
126
128
129
133
133
140
142
141
144
145
150
151
154
156
162
164
170
170
177
181
183
187
187
191
197
200
205
206
211
255
255
255
255
255
255
255
255
255
255
255
255
255
255
255
255
255
255
255
255
255
255
255
255
255
255
255
255
255
255
255
255
255
255
255
255
255
255
255
255
255
255
255
255
255
255
255
255
255
255
255
255
255
255
255
255
255
255
255
255
211
255
255
255
255
255
255
255
255
255
255
255
255
255
255
255
255
255
255
255
66
46
42
39
37
33
36
35
34
38
36
39
39
39
40
37
37
40
40
37
41
40
42
44
40
43
42
41
41
40
37
39
38
38
38
37
37
39
35
41
36
39
38
38
37
36
35
35
36
36
32
37
37
38
38
40
36
34
37
37
34
37
36
35
38
35
37
35
35
35
34
34
35
33
33
35
35
35
32
33
34
33
37
42
50
255
255
255
255
255
255
255
255
255
255
255
255
255
255
255
255
255
255
255
255
70
48
43
37
37
38
39
41
38
38
41
38
40
37
36
36
36
37
39
38
38
39
37
36
36
35
36
36
34
35
34
36
36
37
35
35
34
34
35
36
34
35
36
33
33
33
34
33
32
32
31
32
32
29
33
29
30
30
29
27
30
30
34
54
255
255
255
255
255
255
255
255
255
255
255
255
255
255
255
255
255
255
255
255
255
255
255
255
255
255
255
255
255
255
255
255
255
255
255
255
255
255
255
255
255
255
255
255
255
255
255
255
255
255
255
255
255
255
255
255
255
255
255
255
255
255
255
255
255
255
255
255
155
152
148
142
141
138
134
134
127
125
117
112
108
103
98
93
86
80
77
71
69
63
60
57
55
52
50
47
45
41
39
38
35
34
32
31
30
27
25
26
27
25
26
24
25
24
24
22
21
22
23
21
20
20
19
20
20
20
18
